<?xml version="1.0" encoding="utf-8"?>
<EffectsProfile xmlns:xsi="http://www.w3.org/2001/XMLSchema-instance" xmlns:xsd="http://www.w3.org/2001/XMLSchema">
  <Name>Defaults\Gaussian Blur</Name>
  <Enabled>true</Enabled>
  <MatrixType>Blur</MatrixType>
  <MatrixSize>7</MatrixSize>
  <Sigma>0.84089642</Sigma>
  <Amount>1</Amount>
  <Bias>0</Bias>
  <Factor>1</Factor>
  <Compute>true</Compute>
  <Symmetric>true</Symmetric>
  <Matrix>6.6784770602513E-07 2.29160777551447E-05 0.000191169232389558 0.00038771318114448 0.000191169232389558 2.29160777551447E-05 6.6784770602513E-07 2.29160777551447E-05 0.000786326904984647 0.0065596526787585 0.0133037297660001 0.0065596526787585 0.000786326904984647 2.29160777551447E-05 0.000191169232389558 0.0065596526787585 0.0547215706256212 0.110981636319217 0.0547215706256212 0.0065596526787585 0.000191169232389558 0.00038771318114448 0.0133037297660001 0.110981636319217 0.225083517510079 0.110981636319217 0.0133037297660001 0.00038771318114448 0.000191169232389558 0.0065596526787585 0.0547215706256212 0.110981636319217 0.0547215706256212 0.0065596526787585 0.000191169232389558 2.29160777551447E-05 0.000786326904984647 0.0065596526787585 0.0133037297660001 0.0065596526787585 0.000786326904984647 2.29160777551447E-05 6.6784770602513E-07 2.29160777551447E-05 0.000191169232389558 0.00038771318114448 0.000191169232389558 2.29160777551447E-05 6.6784770602513E-07</Matrix>
  <ModifyAlpha>0</ModifyAlpha>
  <ModifyRed>0</ModifyRed>
  <ModifyGreen>0</ModifyGreen>
  <ModifyBlue>0</ModifyBlue>
  <TransparencyEnabled>false</TransparencyEnabled>
  <TransparencyRed>0</TransparencyRed>
  <TransparencyGreen>0</TransparencyGreen>
  <TransparencyBlue>0</TransparencyBlue>
  <TransparencyTolerance>0</TransparencyTolerance>
  <Notes>reference:
https://en.wikipedia.org/wiki/Gaussian_blur</Notes>
</EffectsProfile>